365 670
2037 127
924 1639
2739 906
926 1642
2741 909
387 709
2024 113
1552 285
2502 643
2012 135
2751 901
2754 904
1999 122
361 664
2077 171
573 603
1068 461
2053 178
929 1647
2745 913
2758 908
922 1635
2735 902
2748 897
362 666
2034 123
1687 236
2008 131
436 642
2045 125
2746 904
2748 906
2031 110
2641 787
2085 169
2752 911
2742 900
2041 121
923 1638
2737 905
2750 900
2744 902
918 1629
2779 951
1253 1507
1334 1477
2794 946
1495 1418
1119 1556
2786 949
1199 1526
928 1646
2744 912
2757 907
2751 909
1442 1438
2094 190
2040 126
2706 920
2708 922
2028 111
2290 424
2078 171
2712 927
2703 916
2037 122
1965 37
2705 918
2744 964
2711 925
